00000000000000110000110101110010
00000000000000110000101110101010
00000000000000110000100110100011
00000000000000110000011101011110
00000000000000110000010011010100
00000000000000110000000111111001
00000000000000101111111010111000
00000000000000101111101011110111
00000000000000101111011010001011
00000000000000101111000100110011
00000000000000101110101010000111
00000000000000101110000111001100
00000000000000101101010110010000
00000000000000101100001010001111
00000000000000101001111110101000
00000000000000100100101000100110
00000000000000010100110110000101
00000000000000000111011100010001
00000000000000000011000010101000
00000000000000000001000101000110
11111111111111111111111011000100
11111111111111111111000111001001
11111111111111111110011110010001
11111111111111111101111011011001
11111111111111111101011011110100
11111111111111111100111110000000
11111111111111111100100000111101
11111111111111111100000011111110
11111111111111111011100110100010
11111111111111111011001000001111
11111111111111111010101000101111
11111111111111111010000111101101
11111111111111111001100100111001
11111111111111111000111111111110
11111111111111111000011000101101
11111111111111110111101110110011
11111111111111110111000010000000
11111111111111110110010010000001
11111111111111110101011110100101
11111111111111110100100111011011
11111111111111110011101100010110
11111111111111110010101101000111
11111111111111110001101001100110
11111111111111110000100001101110
11111111111111101111010101100010
11111111111111101110000101001110
11111111111111101100110001000111
11111111111111101011011001110000
11111111111111101001111111111000
11111111111111101000100100011011
11111111111111100111001000100000
11111111111111100101101101010111
11111111111111100100010100010010
11111111111111100010111110011111
11111111111111100001101101001001
11111111111111100000100001010001
11111111111111011111011011101101
11111111111111011110011101000110
11111111111111011101100101111100
11111111111111011100110110100010
11111111111111011100001111000100
11111111111111011011101111100111
11111111111111011011011000001010
11111111111111011011001000100111
11111111111111011011000000110011
11111111111111011011000000011110
11111111111111011011000111010011
11111111111111011011010100110100
11111111111111011011101000011001
11111111111111011100000001010100
11111111111111011100011110101000
11111111111111011100111111001110
11111111111111011101100001111010
11111111111111011110000101010110
11111111111111011110101000001101
11111111111111011111001001001100
11111111111111011111100111001001
11111111111111100000000001000011
11111111111111100000010110000110
11111111111111100000100101101100
11111111111111100000101111011110
11111111111111100000110011001110
11111111111111100000110001000001
11111111111111100000101001000101
11111111111111100000011011110110
11111111111111100000001001111010
11111111111111011111110100000111
11111111111111011111011011011011
11111111111111011111000000111101
11111111111111011110100101111010
11111111111111011110001011100001
11111111111111011101110010111110
11111111111111011101011101010110
11111111111111011101001011101001
11111111111111011100111110100111
11111111111111011100110110111000
11111111111111011100110100110110
11111111111111011100111000101101
11111111111111011101000010011111
11111111111111011101010010000000
11111111111111011101100110110110
11111111111111011110000000011010
11111111111111011110011101111001
11111111111111011110111110010100
11111111111111011111100000100001
11111111111111100000000011010000
11111111111111100000100101010001
11111111111111100001000101010100
11111111111111100001100010010001
11111111111111100001111011001010
11111111111111100010001111001100
11111111111111100010011101110010
11111111111111100010100110100100
11111111111111100010101001010111
11111111111111100010100110001110
11111111111111100010011101011000
11111111111111100010001111001111
11111111111111100001111100011101
11111111111111100001100101110101
11111111111111100001001100010110
11111111111111100000110001001001
11111111111111100000010101011010
11111111111111011111111010010111
11111111111111011111100001001110
11111111111111011111001011000101
11111111111111011110111000111000
11111111111111011110101011011010
11111111111111011110100011010001
11111111111111011110100000110101
11111111111111011110100100010100
11111111111111011110101101101101
11111111111111011110111100110100
11111111111111011111010001001111
11111111111111011111101010010110
11111111111111100000000111010101
11111111111111100000100111001101
11111111111111100001001000110100
11111111111111100001101010111011
11111111111111100010001100010001
11111111111111100010101011100110
11111111111111100011000111110100
11111111111111100011011111111100
11111111111111100011110011001100
11111111111111100100000000111111
11111111111111100100001000111111
11111111111111100100001010111111
11111111111111100100000111000011
11111111111111100011111101011001
11111111111111100011101110011101
11111111111111100011011010111001
11111111111111100011000011100000
11111111111111100010101001010010
11111111111111100010001101010110
11111111111111100001110000111011
11111111111111100001010101010000
11111111111111100000111011100000
11111111111111100000100100110011
11111111111111100000010010000100
11111111111111100000000100000110
11111111111111011111111011011110
11111111111111011111111000100110
11111111111111011111111011101000
11111111111111100000000100100101
11111111111111100000010011001111
11111111111111100000100111001011
11111111111111100000111111110011
11111111111111100001011100010001
11111111111111100001111011100110
11111111111111100010011100101000
11111111111111100010111110001000
11111111111111100011011110110110
11111111111111100011111101100010
11111111111111100100011001000101
11111111111111100100110000100010
11111111111111100101000011000111
11111111111111100101010000001111
11111111111111100101010111100011
11111111111111100101011000111000
11111111111111100101010100010000
11111111111111100101001001111011
11111111111111100100111010010100
11111111111111100100100110000101
11111111111111100100001110000010
11111111111111100011110011001011
11111111111111100011010110101000
11111111111111100010111001100111
11111111111111100010011101010111
11111111111111100010000011000101
11111111111111100001101011111000
11111111111111100001011000101011
11111111111111100001001010010010
11111111111111100001000001010010
11111111111111100000111110000010
11111111111111100001000000110000
11111111111111100001001001011010
11111111111111100001010111110011
11111111111111100001101011011111
11111111111111100010000011111000
11111111111111100010100000000111
11111111111111100010111111001100
11111111111111100011011111111011
11111111111111100100000001000010
11111111111111100100100001001110
11111111111111100100111111001100
11111111111111100101011001110001
11111111111111100101101111111010
11111111111111100110000000101101
11111111111111100110001011011101
11111111111111100110001111100110
11111111111111100110001100101101
11111111111111100110000010011110
11111111111111100101110000101100
11111111111111100101010111010010
11111111111111100100110110001100
11111111111111100100001101011111
11111111111111100011011101010011
11111111111111100010100101111000
11111111111111100001100111100100
11111111111111100000100010110100
11111111111111011111011000001100
11111111111111011110001000011000
11111111111111011100110100001000
11111111111111011011011100010010
11111111111111011010000001110000
11111111111111011000100101011110
11111111111111010111001000011001
11111111111111010101101011100000
11111111111111010100001111110010
11111111111111010010110110001110
11111111111111010001011111110000
11111111111111010000001101010100
11111111111111001110111111110000
11111111111111001101110111110110
11111111111111001100110110010000
11111111111111001011111011100001
11111111111111001011001000000111
11111111111111001010011100011000
11111111111111001001111000100010
11111111111111001001011100110011
11111111111111001001001001010000
11111111111111001000111110000000
11111111111111001000111011000110
11111111111111001001000000100011
11111111111111001001001110011010
11111111111111001001100100101000
11111111111111001010000011001110
11111111111111001010101010000110
11111111111111001011011001001001
11111111111111001100010000001001
11111111111111001101001110110101
11111111111111001110010100110001
11111111111111001111100001011100
11111111111111010000110100001011
11111111111111010010001100001010
11111111111111010011101000011110
11111111111111010101001000000100
11111111111111010110101001110011
11111111111111011000001100100001
11111111111111011001101110111111
11111111111111011011001111111111
11111111111111011100101110010100
11111111111111011110001000111001
11111111111111011111011110101010
11111111111111100000101110101110
11111111111111100001111000010101
11111111111111100010111010110101
11111111111111100011110101110010
11111111111111100100101000110011
11111111111111100101010011101010
11111111111111100101110110001101
11111111111111100110010000010111
11111111111111100110100010000100
11111111111111100110101011010101
11111111111111100110101100001010
11111111111111100110100100100110
11111111111111100110010100101011
11111111111111100101111100100000
11111111111111100101011100001010
11111111111111100100110011110100
11111111111111100100000011101101
11111111111111100011001100001000
11111111111111100010001101100001
11111111111111100001001000010111
11111111111111011111111101010010
11111111111111011110101101000001
11111111111111011101011000010110
11111111111111011100000000001001
11111111111111011010100101010100
11111111111111011001001000110101
11111111111111010111101011101001
11111111111111010110001110101101
11111111111111010100110011000010
11111111111111010011011001100100
11111111111111010010000011010000
11111111111111010000110001000000
11111111111111001111100011101010
11111111111111001110011011111111
11111111111111001101011010101000
11111111111111001100100000001011
11111111111111001011101101000001
11111111111111001011000001100011
11111111111111001010011101111110
11111111111111001010000010100000
11111111111111001001101111001110
11111111111111001001100100001111
11111111111111001001100001100110
11111111111111001001100111010100
11111111111111001001110101011100
11111111111111001010001011111100
11111111111111001010101010110011
11111111111111001011010001111101
11111111111111001100000001010010
11111111111111001100111000100101
11111111111111001101110111100010
11111111111111001110111101110001
11111111111111010000001010101101
11111111111111010001011101101100
11111111111111010010110101111001
11111111111111010100010010011000
11111111111111010101110010000101
11111111111111010111010011110111
11111111111111011000110110100010
11111111111111011010011000110110
11111111111111011011111001100111
11111111111111011101010111101000
11111111111111011110110001110011
11111111111111100000000111001000
11111111111111100001010110101111
11111111111111100010011111111010
11111111111111100011100010000011
11111111111111100100011100110001
11111111111111100101001111101110
11111111111111100101111010110001
11111111111111100110011101110101
11111111111111100110111000111010
11111111111111100111001100001000
11111111111111100111010111101000
11111111111111100111011011101101
11111111111111100111011000101101
11111111111111100111001111001000
11111111111111100110111111100110
11111111111111100110101010111001
11111111111111100110010001111111
11111111111111100101110101111111
11111111111111100101011000001001
11111111111111100100111001110010
11111111111111100100011100010001
11111111111111100100000000111000
11111111111111100011101000110101
11111111111111100011010101001011
11111111111111100011000110110101
11111111111111100010111110011111
11111111111111100010111100101111
11111111111111100011000001111110
11111111111111100011001110100001
11111111111111100011100010100101
11111111111111100011111110010001
11111111111111100100100001100111
11111111111111100101001100100100
11111111111111100101111110111110
11111111111111100110111000100101
11111111111111100111111001000001
11111111111111101000111111110011
11111111111111101010001100010101
11111111111111101011011101110111
11111111111111101100110011100111
11111111111111101110001100101011
11111111111111101111101000000111
11111111111111110001000100111101
11111111111111110010100010001101
11111111111111110011111110111001
11111111111111110101011010000011
11111111111111110110110010101101
11111111111111111000000111111101
11111111111111111001011000111100
11111111111111111010100100110101
11111111111111111011101010111010
11111111111111111100101010100100
11111111111111111101100011010001
11111111111111111110010100100110
11111111111111111110111110001111
11111111111111111111011111111100
11111111111111111111111001100011
00000000000000000000001010111011
00000000000000000000010100000000
00000000000000000000010100101111
00000000000000000000001101000100
11111111111111111111111100111111
11111111111111111111100100100000
11111111111111111111000011101001
11111111111111111110011010011111
11111111111111111101101001001010
11111111111111111100101111111001
11111111111111111011101111000000
11111111111111111010100110111011
11111111111111111001011000010001
11111111111111111000000011101110
11111111111111110110101010001010
11111111111111110101001100100011
11111111111111110011101011111111
11111111111111110010001001101001
11111111111111110000100110101101
11111111111111101111000100011010
11111111111111101101100011111100
11111111111111101100000110011111
11111111111111101010101101001000
11111111111111101001011000110100
11111111111111101000001010011011
11111111111111100111000010101011
11111111111111100110000010001001
11111111111111100101001001010000
11111111111111100100011000010111
11111111111111100011101111101001
11111111111111100011001111010001
11111111111111100010110111010100
11111111111111100010100111110010
11111111111111100010100000101101
11111111111111100010100010000100
11111111111111100010101011110100
11111111111111100010111101111011
11111111111111100011011000010100
11111111111111100011111010111000
11111111111111100100100101011100
11111111111111100101010111110000
11111111111111100110010001100001
11111111111111100111010010010010
11111111111111101000011001100001
11111111111111101001100110100010
11111111111111101010111000100101
11111111111111101100001110110011
11111111111111101101101000010001
11111111111111101111000100000000
11111111111111110000100001000010
11111111111111110001111110010111
11111111111111110011011011000000
11111111111111110100110101111111
11111111111111110110001110011000
11111111111111110111100011010010
11111111111111111000110011110111
11111111111111111001111111010110
11111111111111111011000101000100
11111111111111111100000100011101
11111111111111111100111101000001
11111111111111111101101110011100
11111111111111111110011000011011
11111111111111111110111010110110
11111111111111111111010101101000
11111111111111111111101000110011
11111111111111111111110100011011
11111111111111111111111000101100
11111111111111111111110101111001
11111111111111111111101100011011
11111111111111111111011100110011
11111111111111111111000111101111
11111111111111111110101110000110
11111111111111111110010000111001
11111111111111111101110001010101
11111111111111111101010000101110
11111111111111111100110000011011
11111111111111111100010001110000
11111111111111111011110110000000
11111111111111111011011110010011
11111111111111111011001011101000
11111111111111111010111110110010
11111111111111111010111000011011
11111111111111111010111001000100
11111111111111111011000001000011
11111111111111111011010000101001
11111111111111111011101000000100
11111111111111111100000111011010
11111111111111111100101110101100
11111111111111111101011101111001
11111111111111111110010100110111
11111111111111111111010011010110
00000000000000000000011001000000
00000000000000000001100101010101
00000000000000000010110111101100
00000000000000000100001111010011
00000000000000000101101011010000
00000000000000000111001010100010
00000000000000001000101100000010
00000000000000001010001110100100
00000000000000001011110000111001
00000000000000001101010001110011
00000000000000001110110000000111
00000000000000010000001010101100
00000000000000010001100000011111
00000000000000010010110000100111
00000000000000010011111010010010
00000000000000010100111100111001
00000000000000010101110111111011
00000000000000010110101011000011
00000000000000010111010110000001
00000000000000010111111000101011
00000000000000011000010010111100
00000000000000011000100100110001
00000000000000011000101110001001
00000000000000011000101111000101
00000000000000011000100111101000
00000000000000011000010111110101
00000000000000010111111111110001
00000000000000010111011111100010
00000000000000010110110111010011
00000000000000010110000111010011
00000000000000010101001111110101
00000000000000010100010001010011
00000000000000010011001100001111
00000000000000010010000001010000
00000000000000010000110001000010
00000000000000001111011100011011
00000000000000001110000100010000
00000000000000001100101001011101
00000000000000001011001100111110
00000000000000001001101111110001
00000000000000001000010010110100
00000000000000000110110111000110
00000000000000000101011101100100
00000000000000000100000111001100
00000000000000000010110100110111
00000000000000000001100111011100
00000000000000000000011111101011
11111111111111111111011110001111
11111111111111111110100011101011
11111111111111111101110000011100
11111111111111111101000100111000
11111111111111111100100001001110
11111111111111111100000101101011
11111111111111111011110010010101
11111111111111111011100111010100
11111111111111111011100100101001
11111111111111111011101010011000
11111111111111111011111000100010
11111111111111111100001111000111
11111111111111111100101110000110
11111111111111111101010101011001
11111111111111111110000100111000
11111111111111111110111100010101
11111111111111111111111011011101
00000000000000000001000001110010
00000000000000000010001110110001
00000000000000000011100001101111
00000000000000000100111001111001
00000000000000000110010110011010
00000000000000000111110110011010
00000000000000001001011001000100
00000000000000001010111101100110
00000000000000001100100011010111
00000000000000001110001001110010
00000000000000001111110000011100
00000000000000010001010111000011
00000000000000010010111101011000
00000000000000010100100011010011
00000000000000010110001000110001
00000000000000010111101101101111
00000000000000011001010010010000
00000000000000011010110110010011
00000000000000011100011001111001
00000000000000011101111101000000
00000000000000011111011111100101
00000000000000100001000001011101
00000000000000100010100010011100
00000000000000100100000010001010
00000000000000100101100000001101
00000000000000100110111100000000
00000000000000101000010100111100
00000000000000101001101010010000
00000000000000101010111011001110
00000000000000101100000111000101
00000000000000101101001101000111
00000000000000101110001100101100
00000000000000101111000101010010
00000000000000101111110110011011
00000000000000110000011111110001
00000000000000110001000001000100
00000000000000110001011010001001
00000000000000110001101010110110
00000000000000110001110011000111
